Results for 500 numbers
5373
4918
4928
5026
5240
5276
5438
5363
5203
5218
5053
5221
5161
4978
5151
5141
5233
5012
5171
5169
5246
5097
5444
5452
4964
5294
4835
5119
4889
5390
5224
5085
5096
5232
5050
5146
4775
5070
5119
5187
5237
4974
5120
5238
5033
5222
5031
4812
5104
5282
5190
4805
5114
5516
5110
5144
5135
4823
5115
5261
5179
5130
5567
5123
5245
5067
4847
5398
5195
4971
5373
5328
5351
5431
5293
5240
5133
5384
5045
5061
4891
5226
5266
5063
5052
5365
5326
5417
4788
5309
5048
5179
5089
5097
5026
5169
5523
5113
5071
5287
5093
5272
5199
5315
5189
5200
5067
5122
5076
5199
5240
4968
5190
4977
5136
5059
5206
4835
5059
5240
5029
5031
5115
5120
5182
5209
5342
5225
5273
4915
4930
5218
4946
5200
5064
5099
5349
4966
5450
5180
4889
5337
5336
5312
4920
4855
5081
4994
5301
4982
5160
5272
5106
5338
5065
4994
5061
4922
4959
5682
5059
5079
4952
5175
5159
5155
5051
5117
5254
5140
4960
5021
5202
4950
4937
5376
5200
4987
4963
4867
5017
5264
4943
5155
5078
4897
5148
5203
5358
5005
5351
5342
5159
4964
5149
5245
5173
5139
4998
4946
5303
5111
5029
5269
5099
5075
5168
5117
4992
5023
5037
5046
5143
5057
5093
4937
5102
5025
5233
5308
5087
4991
5228
5035
4915
5137
5313
5109
5236
5289
5026
5407
5014
4885
5190
5097
5236
4939
5062
5114
4999
5061
5126
5178
5124
5301
4847
5007
4939
5216
5205
5406
5139
4940
5134
5232
5251
5204
5087
5189
4945
5014
5151
5228
5345
5227
5295
5115
5095
5257
5050
5281
5275
4886
5142
5170
5022
5038
4899
5134
5215
5182
5107
5108
5098
5263
5281
4874
5245
5149
5201
4923
5170
5392
5278
5224
5392
4864
5341
5301
5245
5222
5453
4914
5069
5039
5143
5303
5243
5101
5312
5273
4988
4962
5139
5040
5395
5141
5260
5089
4926
5097
5288
5115
5251
5295
5414
5036
5328
5183
5195
4953
4939
5016
4969
4967
5145
5340
5089
5220
5358
5360
5159
5463
5300
5001
5329
5123
5093
5218
5146
5049
5086
5309
5146
5503
5289
5426
5102
5489
5334
4924
4853
5261
5273
5234
5085
5144
5578
5168
5078
5071
5149
5094
4957
5308
4902
5236
5075
5244
4969
5078
4893
5293
5134
5274
5192
5326
4844
5448
5075
5288
5054
5379
5101
5353
5228
4948
5080
5012
5066
4804
5041
5314
5017
5310
4926
5103
5475
5092
5193
5093
5385
5143
5071
5136
5013
5105
5178
5408
5261
5256
5076
5026
5424
5150
5047
5284
5346
4984
5219
5168
5105
5089
5014
5038
5466
5142
5347
5150
5195
4923
5147
4913
5296
5291
5196
5226
5336
5138
5010
4961
4980
5265
5171
5063
4948
5141
5335
5109
5321
4951
5067
5114
5241
5071
4920
5147
5171
4904
5186
5140
5217
5293
5103
5063
5141
5144
5349
4915
5405
5087
5224
5252
5293
5293
5158
5167
5105
4987
5052
4993
5300
5063
5271
4995
4752
5134
5083
5512
5362
5123
5156
5175
5438
5153
5082
4938
4931
5448
4988
5059
5308
5426
5134
5049
4819
5286
5044
5026
5005
5195
5545
5115
5410
4916
5190
5370
4884
5154
5020
5249
4870
5133
5090
5045
5059
4994
5013
5129
5071
5239
5331
4936
5289
5115
5373
5002
5033
5021
5402
5106
4871
5578
5082
4929
5440
5294
5076
5054
5490
5076
4908
5172
4935
5101
5229
5012
5155
5227
5020
5443
5029
5227
5208
5226
4983
5018
4960
5297
4980
5261
5301
4971
4979
5437
5107
4958
5238
5192
5258
5186
4916
5180
5002
5000
5157
5234
5254
5087
5039
5231
5576
4975
5114
4928
5043
5222
5328
5141
5023
4815
5294
5147
5063
5269
5185
5065
5297
4958
5271
5136
5496
5375
5125
5222
5071
5435
5421
5294
4985
5406
4890
5244
5334
5283
5261
5084
4972
5035
5391
5292
5430
5144
4956
5103
5108
5093
5175
5237
5084
5135
5130
5347
5208
4923
5357
5026
5001
5049
5130
5246
4912
5405
5138
5513
5127
5433
5011
5141
5087
5398
5061
5423
4976
5285
5321
5123
5166
4866
5172
5281
5016
5018
5391
5133
5178
5066
5159
5284
5271
5478
5069
4974
4980
5133
5123
5266
5149
5226
5015
5096
5238
5380
5160
5317
5150
5200
4939
4995
5392
4897
5138
5149
5202
5229
5101
5269
4888
4878
5207
5136
5364
5131
5276
5160
5187
4935
5192
5216
5229
5359
5106
4975
5160
5173
5161
5073
5339
5230
5139
4896
5312
5293
5152
5104
5206
5091
5067
5150
4911
5094
4931
5076
5214
5294
5219
5182
5027
5016
5154
5474
5356
4992
5363
4889
5280
5121
5014
4895
5017
5042
5155
5137
4859
5090
5235
5069
4894
4818
5125
5124
5057
5474
5198
5324
5089
5262
5397
5325
5257
5153
5145
5091
5030
5127
5378
5028
5158
5475
5602
5431
5401
5277
5177
4880
5165
5179
5074
5255
5093
5090
4911
5095
5165
5068
5297
5378
4983
5014
5026
5225
4934
5027
5100
5188
5234
5190
5327
5089
4954
4980
5316
5254
5066
5104
5064
5175
5208
5138
5177
5254
5034
5185
5589
5328
5132
4758
5341
5244
5313
4992
5366
5174
5279
4971
5101
5108
4832
4989
5011
5345
5020
5138
5163
5231
5197
5459
5256
5143
5254
5103
4978
5045
4870
5245
5285
5062
5461
5113
5083
5279
5253
5167
5230
5338
5050
5010
5008
5085
5192
5153
5035
4984
5267
5214
5271
5078
5095
5237
5137
5122
5109
5290
5050
5082
5141
5113
5297
5090
5238
5120
5144
5285
5025
5090
5347
5031
4987
5470
5119
4962
5169
5009
4988
4970
5459
5053
5262
5061
5079
5141
5103
5229
5029
4920
5176
5067
5291
4958
5153
4961
5118
5299
4856
5155
5136
5024
5313
5066
5131
5061
5102
5463
5169
5275
5043
5364
5149
5212
5219
4981
5156
5421
5150
5081
5521
5104
5139
5149
5174
5141
5090
5122
5079
5174
5212
5132
5368
4918
5212
5235
5153
5155
5373
5169
5143
5389
5319
5076
5562
5055
5241
5105
5107
5338
5222
5153
4995
5159
5235
5290
5025
5209
5130
5133
5038
5198
5202
5298
5093
4977
5219
5416
5178
5208
5274
5182
5227
5213
5147
5271
5089
4987
5176
5437
5170
5418
5016
5154
5536
5050
5214
4957
5343
5285
5306
4893
5314
5158
5053
5085
4778
5131
5363
5263
5175
5171
5432
5001
5403
5079
5128
5215
5289
5457
5353
5146
5454
4816
5058
5148
5093
5246
5120
5376
5119
5166
5272
5130
5257
5257
5396
5428
5194
5094
5075
5339
5145
5039
5108
5319
5081
5176
5378
5244
5088
5435
5104
4886
5247
4919
5244
5144
5271
5062
5107
5144
5286
5359
5145
5229
5126
5422
5351
5216
5198
5271
5200
5086
5015
5045
4953
4999
4961
5065
5096
5164
5403
5211
4892
5193
5194
5214
5236
5128
5297
5168
5209
5249
5049
5192
5297
5229
4878
5043
5091
5219
5014
5369
5204
4936
5256
5060
5257
5267
5192
5474
4980
5440
4830
5347
5084
5079
5176
4908
5290
5285
5107
5080
5275
5233
5180
5192
5088
4932
5098
4958
5053
4857
4888
5274
5158
5043
5243
4967
5100
5134
5165
5319
5157
4975
4973
5064
5031
4940
5158
5007
5046
5308
5288
5216
5323
5217
4891
4952
5360
5123
5344
5158
5061
5231
5063
5117
5133
5208
5223
4857
5024
4966
5142
5087
5246
4815
5084
5242
5370
5095
5224
5015
4956
5143
5477
4961
5128
5196
4993
4944
5087
4956
5077
5222
4912
5377
5089
5087
5056
5160
5282
5296
5020
5144
5338
5011
5517
5304
5206
5289
5074
5135
5548
5164
5348
5122
4870
5267
5177
5033
5074
5378
5081
5246
5139
5158
5254
5247
5052
5120
5276
5189
5025
5080
5351
5172
5174
5367
5025
5162
5139
4957
5014
5311
5195
5193
4972
5313
5053
4927
5208
5228
5380
5552
5257
5288
4930
4993
5106
5000
5343
4959
5088
5279
5092
5142
5110
5183
5292
4975
5072
5077
5099
5116
5048
5303
5188
5415
5057
5058
5683
5145
5164
5025
5242
4915
5015
5199
5254
5304
5136
5107
5307
5053
5051
4974
5099
5006
5334
4964
5112
5601
5045
5172
5330
4832
5290
5138
5347
5163
5255
5175
5129
5486
5176
4882
5047
5153
5150
5357
5003
5192
5117
4951
5157
5157
5065
5092
5085
5246
5208
5079
5068
5110
5256
5344
5219
5022
5224
5298
5136
5248
5359
5013
5137
5305
5149
4987
5025
5230
5132
5096
5303
5229
4987
5114
5309
5285
5170
5114
5358
5138
5395
5145
5004
5385
5151
5100
5272
5545
5063
5215
5056
4994
5118
5460
5123
5159
4921
5096
5310
5369
5175
5405
5257
5230
5355
5137
5170
5017
5240
5181
5194
4924
5215
5326
5233
5242
5479
5208
5143
5102
5288
5102
5054
4944
4981
5195
5026
5279
5122
5217
5117
5283
5131
5149
5151
5093
5014
5196
5357
5180
5269
4937
5162
5042
5127
5325
5125
5220
5364
4945
5133
5110
5301
5039
5380
5256
5302
5107
5156
5109
5131
5126
5179
5285
5087
4884
4982
5142
5309
5405
4883
5472
5062
4956
4790
5355
5218
4997
5154
5326
5116
